--------------------Welcome to Minesweeper!--------------------
 ___________________________________ 
|  ☠          ☠                    |
|                  ☠               |
 ___________________________________ 

1. Play Game
2. Instructions
3. View Top 10 Players
4. Exit Game

Input 1-4 to continue: 1

1. Easy
2. Medium
3. Hard
Please input 1, 2 or 3 to select difficulty: 1
   0  1  2  3  4  5  6  7  8  9  
0  _  _  _  _  _  _  _  _  _  _  
1  _  _  _  _  _  _  _  _  _  _  
2  _  _  _  _  _  _  _  _  _  _  
3  _  _  _  _  _  _  _  _  _  _  
4  _  _  _  _  _  _  _  _  _  _  
5  _  _  _  _  _  _  _  _  _  _  
6  _  _  _  _  _  _  _  _  _  _  
7  _  _  _  _  _  _  _  _  _  _  
8  _  _  _  _  _  _  _  _  _  _  
9  _  _  _  _  _  _  _  _  _  _  
Your input has to be separated by a space
Type your input(x,y): 9 0


   0  1  2  3  4  5  6  7  8  9  
0  _  _  _  2  0  0  0  0  0  0  
1  _  _  _  2  0  0  0  0  0  0  
2  _  _  3  1  0  0  0  0  0  0  
3  _  _  2  0  0  0  0  0  0  0  
4  _  _  1  1  1  1  0  0  0  0  
5  _  _  _  _  _  1  0  0  0  0  
6  _  _  _  _  2  1  0  0  0  0  
7  _  _  _  _  1  0  0  0  0  0  
8  _  _  3  2  1  0  0  0  0  0  
9  _  _  1  0  0  0  0  0  0  0  
Type your input(x,y): 1 0


   0  1  2  3  4  5  6  7  8  9  
0  _  3  _  2  0  0  0  0  0  0  
1  _  _  _  2  0  0  0  0  0  0  
2  _  _  3  1  0  0  0  0  0  0  
3  _  _  2  0  0  0  0  0  0  0  
4  _  _  1  1  1  1  0  0  0  0  
5  _  _  _  _  _  1  0  0  0  0  
6  _  _  _  _  2  1  0  0  0  0  
7  _  _  _  _  1  0  0  0  0  0  
8  _  _  3  2  1  0  0  0  0  0  
9  _  _  1  0  0  0  0  0  0  0  
Type your input(x,y): 1 1


   0  1  2  3  4  5  6  7  8  9  
0  _  3  _  2  0  0  0  0  0  0  
1  _  4  _  2  0  0  0  0  0  0  
2  _  _  3  1  0  0  0  0  0  0  
3  _  _  2  0  0  0  0  0  0  0  
4  _  _  1  1  1  1  0  0  0  0  
5  _  _  _  _  _  1  0  0  0  0  
6  _  _  _  _  2  1  0  0  0  0  
7  _  _  _  _  1  0  0  0  0  0  
8  _  _  3  2  1  0  0  0  0  0  
9  _  _  1  0  0  0  0  0  0  0  
Type your input(x,y): 0 1


   0  1  2  3  4  5  6  7  8  9  
0  _  3  _  2  0  0  0  0  0  0  
1  2  4  _  2  0  0  0  0  0  0  
2  _  _  3  1  0  0  0  0  0  0  
3  _  _  2  0  0  0  0  0  0  0  
4  _  _  1  1  1  1  0  0  0  0  
5  _  _  _  _  _  1  0  0  0  0  
6  _  _  _  _  2  1  0  0  0  0  
7  _  _  _  _  1  0  0  0  0  0  
8  _  _  3  2  1  0  0  0  0  0  
9  _  _  1  0  0  0  0  0  0  0  
Type your input(x,y): 0 2

Lucky! The grid (0 4) has been revealed for you!

   0  1  2  3  4  5  6  7  8  9  
0  _  3  _  2  0  0  0  0  0  0  
1  2  4  _  2  0  0  0  0  0  0  
2  3  _  3  1  0  0  0  0  0  0  
3  _  _  2  0  0  0  0  0  0  0  
4  ⚑  _  1  1  1  1  0  0  0  0  
5  _  _  _  _  _  1  0  0  0  0  
6  _  _  _  _  2  1  0  0  0  0  
7  _  _  _  _  1  0  0  0  0  0  
8  _  _  3  2  1  0  0  0  0  0  
9  _  _  1  0  0  0  0  0  0  0  
Type your input(x,y): 0 5


   0  1  2  3  4  5  6  7  8  9  
0  _  3  _  2  0  0  0  0  0  0  
1  2  4  _  2  0  0  0  0  0  0  
2  3  _  3  1  0  0  0  0  0  0  
3  _  _  2  0  0  0  0  0  0  0  
4  ⚑  _  1  1  1  1  0  0  0  0  
5  2  _  _  _  _  1  0  0  0  0  
6  _  _  _  _  2  1  0  0  0  0  
7  _  _  _  _  1  0  0  0  0  0  
8  _  _  3  2  1  0  0  0  0  0  
9  _  _  1  0  0  0  0  0  0  0  
Type your input(x,y): 0 7


   0  1  2  3  4  5  6  7  8  9  
0  _  3  _  2  0  0  0  0  0  0  
1  2  4  _  2  0  0  0  0  0  0  
2  3  _  3  1  0  0  0  0  0  0  
3  _  _  2  0  0  0  0  0  0  0  
4  ⚑  _  1  1  1  1  0  0  0  0  
5  2  _  _  _  _  1  0  0  0  0  
6  _  _  _  _  2  1  0  0  0  0  
7  2  _  _  _  1  0  0  0  0  0  
8  _  _  3  2  1  0  0  0  0  0  
9  _  _  1  0  0  0  0  0  0  0  
Type your input(x,y): 0 9

Lucky! The grid (1 3) has been revealed for you!

   0  1  2  3  4  5  6  7  8  9  
0  _  3  _  2  0  0  0  0  0  0  
1  2  4  _  2  0  0  0  0  0  0  
2  3  _  3  1  0  0  0  0  0  0  
3  _  ⚑  2  0  0  0  0  0  0  0  
4  ⚑  _  1  1  1  1  0  0  0  0  
5  2  _  _  _  _  1  0  0  0  0  
6  _  _  _  _  2  1  0  0  0  0  
7  2  _  _  _  1  0  0  0  0  0  
8  _  _  3  2  1  0  0  0  0  0  
9  2  _  1  0  0  0  0  0  0  0  
Type your input(x,y): 1 4


   0  1  2  3  4  5  6  7  8  9  
0  _  3  _  2  0  0  0  0  0  0  
1  2  4  _  2  0  0  0  0  0  0  
2  3  _  3  1  0  0  0  0  0  0  
3  _  ⚑  2  0  0  0  0  0  0  0  
4  ⚑  3  1  1  1  1  0  0  0  0  
5  2  _  _  _  _  1  0  0  0  0  
6  _  _  _  _  2  1  0  0  0  0  
7  2  _  _  _  1  0  0  0  0  0  
8  _  _  3  2  1  0  0  0  0  0  
9  2  _  1  0  0  0  0  0  0  0  
Type your input(x,y): 1 5

Lucky! The grid (0 0) has been revealed for you!

   0  1  2  3  4  5  6  7  8  9  
0  ⚑  3  _  2  0  0  0  0  0  0  
1  2  4  _  2  0  0  0  0  0  0  
2  3  _  3  1  0  0  0  0  0  0  
3  _  ⚑  2  0  0  0  0  0  0  0  
4  ⚑  3  1  1  1  1  0  0  0  0  
5  2  2  _  _  _  1  0  0  0  0  
6  _  _  _  _  2  1  0  0  0  0  
7  2  _  _  _  1  0  0  0  0  0  
8  _  _  3  2  1  0  0  0  0  0  
9  2  _  1  0  0  0  0  0  0  0  
Type your input(x,y): 1 6


   0  1  2  3  4  5  6  7  8  9  
0  ⚑  3  _  2  0  0  0  0  0  0  
1  2  4  _  2  0  0  0  0  0  0  
2  3  _  3  1  0  0  0  0  0  0  
3  _  ⚑  2  0  0  0  0  0  0  0  
4  ⚑  3  1  1  1  1  0  0  0  0  
5  2  2  _  _  _  1  0  0  0  0  
6  _  2  _  _  2  1  0  0  0  0  
7  2  _  _  _  1  0  0  0  0  0  
8  _  _  3  2  1  0  0  0  0  0  
9  2  _  1  0  0  0  0  0  0  0  
Type your input(x,y): 1 7


   0  1  2  3  4  5  6  7  8  9  
0  ⚑  3  _  2  0  0  0  0  0  0  
1  2  4  _  2  0  0  0  0  0  0  
2  3  _  3  1  0  0  0  0  0  0  
3  _  ⚑  2  0  0  0  0  0  0  0  
4  ⚑  3  1  1  1  1  0  0  0  0  
5  2  2  _  _  _  1  0  0  0  0  
6  _  2  _  _  2  1  0  0  0  0  
7  2  3  _  _  1  0  0  0  0  0  
8  _  _  3  2  1  0  0  0  0  0  
9  2  _  1  0  0  0  0  0  0  0  
Type your input(x,y): 1 8


   0  1  2  3  4  5  6  7  8  9  
0  ⚑  3  _  2  0  0  0  0  0  0  
1  2  4  _  2  0  0  0  0  0  0  
2  3  _  3  1  0  0  0  0  0  0  
3  _  ⚑  2  0  0  0  0  0  0  0  
4  ⚑  3  1  1  1  1  0  0  0  0  
5  2  2  _  _  _  1  0  0  0  0  
6  _  2  _  _  2  1  0  0  0  0  
7  2  3  _  _  1  0  0  0  0  0  
8  _  3  3  2  1  0  0  0  0  0  
9  2  _  1  0  0  0  0  0  0  0  
Type your input(x,y): 2 5

Lucky! The grid (1 2) has been revealed for you!

   0  1  2  3  4  5  6  7  8  9  
0  ⚑  3  _  2  0  0  0  0  0  0  
1  2  4  _  2  0  0  0  0  0  0  
2  3  ⚑  3  1  0  0  0  0  0  0  
3  _  ⚑  2  0  0  0  0  0  0  0  
4  ⚑  3  1  1  1  1  0  0  0  0  
5  2  2  0  1  _  1  0  0  0  0  
6  _  2  2  3  2  1  0  0  0  0  
7  2  3  _  _  1  0  0  0  0  0  
8  _  3  3  2  1  0  0  0  0  0  
9  2  _  1  0  0  0  0  0  0  0  
You won! Congratulations!!!
Your score is 1808.
Please input your name to save your record: Ken
Thanks for playing!

Bye!

